1575
1403
2772
2217
9655
2966
8167
3082
1884
3743
6865
199
8727
7708
973
6891
9223
2334
232
9861
5588
4995
6265
3200
377
3188
311
5873
6619
7663
6780
8809
7098
1791
4964
5866
2180
6135
97
6391
7184
3342
8591
6852
9549
867
5871
8796
6552
7506
3522
3873
628
9967
964
5325
2249
9215
7330
9976
8171
4839
9193
5523
2646
6364
8045
6960
4227
5880
850
165
4186
814
3819
7733
2164
9237
3420
6590
1947
8817
7598
1522
2400
2687
6879
493
633
7326
4388
5125
709
4203
6860
7840
1261
6677
3617
9775
3865
4544
1726
8151
6460
949
9384
944
8974
7286
2602
583
1668
5214
993
1758
3197
9095
3024
5380
6315
3077
1617
2351
7660
8288
3001
5380
3749
9888
5767
1417
2298
7345
4073
1923
3484
2309
3818
8329
5935
7640
8460
4473
4663
607
9982
8488
4367
8890
4202
6645
549
3401
9406
2727
9461
8618
3460
9797
7361
9184
5648
7076
8426
2079
2678
3339
2813
1156
9206
4290
125
9650
2197
9577
8313
9159
73
3653
3001
5245
4832
4709
3802
220
3902
8099
8308
5596
6561
2373
213
217
2690
835
1292
7007
4219
9556
2691
1157
8559
225
714
1334
7130
4091
684
890
9479
1368
7552
4435
4840
9912
2207
4547
2597
9270
3580
939
6212
4185
5141
6046
3025
491
7909
4165
2714
7681
435
6379
8778
8281
1658
584
6224
8530
4086
2363
9915
5909
8792
993
8180
3009
6918
3698
8296
7140
1778
4730
6433
4981
5637
5253
5344
4158
984
4388
5448
6568
5583
2780
2778
734
3331
4477
8185
1876
9850
6864
2905
2656
8756
5482
1673
7238
3877
8045
9386
2129
9834
2446
4667
2861
5818
9633
3171
5474
1898
5184
5770
7307
1661
4731
7075
1397
327
9337
9738
2819
5228
1292
2598
8286
8681
5907
9996
121
4718
1833
3904
6674
9287
8234
1928
9029
2470
8582
4559
3419
2639
1134
1074
9919
9056
1932
3258
7233
4698
9167
5511
1716
6928
6323
7734
3922
459
9983
1103
1311
8087
8936
4621
1418
6670
7347
1722
7808
7359
6712
6311
8715
8523
786
5781
9816
4620
3122
8435
4710
9825
9300
8692
474
8650
3289
940
3888
6957
1987
8631
1243
1155
6335
4150
9886
3683
2125
5815
4563
2680
987
2927
5928
6225
7023
4903
7498
8869
9363
9568
6361
2416
3819
1061
4907
6207
6898
8124
2012
4100
5874
264
9347
7894
1715
8366
9680
2761
2539
2417
642
9477
19
7372
7541
2598
2042
3548
2744
2607
4930
3272
4780
9739
1032
1085
3129
7458
7634
5322
6235
2756
1089
6597
6713
389
7702
793
4742
2437
3937
5805
3520
4618
8420
7505
2790
9613
8630
7959
7447
7374
483
5708
7782
5925
5297
8690
2905
4422
5277
9979
768
4144
2068
6100
6562
418
3070
7068
4259
7146
2052
8239
323
9788
5202
1507
2128
3867
5928
6142
7403
9095
1274
9842
984
1619
8903
3494
7743
209
5751
2515
8319
9645
1246
8680
2690
435
7869
4138
9932
6014
6151
6139
189
8221
3457
8149
1030
7620
8915
9892
3816
141
3851
4557
4264
3640
4657
7967
6398
1766
5572
4213
2701
8590
5763
8052
4077
8587
5401
7527
1524
8658
4047
6805
2723
8867
6917
1468
8492
5211
4956
2892
6337
6228
1450
1250
2936
7050
2288
5807
6668
2858
3145
4325
7853
585
1320
1902
1814
9358
6484
6168
5487
1869
8768
81
2585
4641
3203
283
7575
8437
2310
3867
7708
8208
7067
3108
4559
8171
1915
3483
5291
4751
4952
3623
9827
7568
3377
5304
5970
2848
9492
7185
9169
5185
8029
2578
162
9051
1245
4006
5225
822
4886
262
3579
4229
2386
9976
3294
4607
9444
7816
8496
2539
486
4464
7203
7575
97
999
4773
7909
7275
3524
2431
9107
907
494
3795
5973
1752
6818
6856
9089
1535
5215
5699
2071
2627
6033
4363
3387
8207
3192
9598
929
2887
2580
2578
6611
1565
6703
7251
1089
8095
2615
507
3974
2717
5671
913
4148
7256
6370
200
9883
7126
4123
4871
9147
9955
5763
6057
691
5121
240
9003
389
9263
9158
3299
2088
9112
3732
1024
4025
5203
5982
2396
7007
2504
7811
7885
3066
1682
9098
6619
9096
4511
9086
925
1987
6452
9091
76
6058
8733
9539
5849
1691
7667
6538
6106
4378
9031
4426
7199
8528
6778
2588
2243
7314
8735
1556
5150
3581
6664
4527
7239
9275
1917
1996
7863
5845
2955
1972
4841
7366
1672
7735
4765
8103
5509
2181
8316
60
861
6421
8533
6346
2762
437
2742
1635
439
4319
2118
7072
8335
1589
3695
7753
3940
4569
6970
6612
9212
7227
7123
152
390
9631
1563
8813
3819
5434
3723
2211
1135
5721
3750
9451
4742
2846
5048
6421
8307
9928
2635
5814
7212
9598
8296
966
4313
8904
7802
2036
4491
6235
6654
5015
8490
5390
7686
2578
1863
8109
9646
626
1568
2026
7142
4999
8146
2970
6237
1469
2056
8419
3871
6374
3137
993
3397
3269
512
2287
8074
7833
8573
8040
7294
3941
8297
8186
7124
24
8686
7731
2326
4622
2709
6507
5016
2578
2081
2878
5050
2590
1529
6244
5894
3377
8739
6143
1946
1003
9196
8737
6848
5928
484
9447
8344
8359
5878
8021
439
6053
6773
3775
1593
8347
4865
3730
9313
6129
1481
1949
3410
7725
3115
735
5494
4428
6999
7230
2651
1868
8898
7633
3902
9348
2213
5227
7951
8832
8901
5877
8436
6428
4382
1046
4009
9740
8953
3185
901
3687
7837
1579
1641
206
7073
7816
4321
812
6511
418
93
1435
2725
7332
7001
3840
981
1081
3959
933
780
4028
1055
3522
6495
6987
6093
9174
977
8621
1672
3559
8465
8269
9459
6404
4896
7491
348
6756
3569
7213
6626
509
6425
1135
8868
1554
3782
3060
9429
9242
220
9519
3323
9897
4298
8963
8726
3501
3724
3467
1038
6439
5433
7606
9845
1476
7452
8115
1883
3416
2752
5894
5585
3958
116
2964
8533
6029
2382
7168
7612
3874
1660
4626
1005
1046
3413
2513
4474
1797
334
7565
2042
5963
8425
9339
3970
7602
3160
1150
9490
604
8111
3054
9099
2409
6311
8920
4142
8310
5039
706
5120
5954
2989
4121
6954
8670
5123
2537
3260
2737
9548
3656
8225
3189
4437
3343
5486
1265
6136
7398
9396
6884
2740
6987
3446
3531
3385
2191
3796
7071
9631
5677
9957
5742
6870
3176
6211
1348
8103
8976
8240
6373
5530
7056
1047
7770
8833
9383
4110
3974
1537
1968
4935
9172
817
9425
9141
1583
860
3965
8795
9053
800
3942
6112
3225
9208
6658
63
220
4231
4473
5579
8487
9499
8601
2656
7631
4993
6949
1140
9189
3703
8832
6765
705
6284
9106
6668
2090
8244
2982
2071
1621
3912
5376
7348
9608
5002
3533
4240
3946
2998
9368
2528
5817
3107
8214
3679
1687
3433
6064
9815
5521
2317
5051
7355
6749
5624
5477
9664
5600
8406
6621
8219
4682
5737
3183
1333
8559
5934
9948
4316
7730
7175
1378
4819
5504
3624
8909
9066
134
2349
9097
4888
2495
7720
947
4372
5038
6585
1499
9267
6693
7317
6984
3308
3920
8425
6680
1080
6465
6968
2962
661
8921
864
715
7897
3647
2747
4112
9075
7776
6689
854
9757
1635
5307
892
4685
8407
2642
5786
1340
5596
6454
6745
2510
8795
1963
4190
367
4339
237
2836
9647
2081
6900
9893
3812
4555
5346
7317
9135
5865
410
5083
4569
5520
7067
3692
4443
4988
9881
2774
3900
8698
1565
4470
2101
3615
6147
1398
4721
489
8049
6903
7248
8880
1239
9110
4666
744
2769
8702
7553
3333
3738
7483
3760
2299
4091
9798
6240
2370
6913
1394
2969
850
4093
2401
5764
3505
7652
7107
7183
5782
8471
9421
6042
2857
8461
6178
1711
1993
8780
3137
1279
5593
3494
6906
5526
8040
8112
1902
1424
251
6142
6386
6742
3738
2618
7487
4192
612
132
9050
1535
6975
7331
6411
162
3600
5194
268
1941
6787
1957
3264
1275
4616
1250
8589
592
7370
2125
9655
5841
5181
1844
8923
1815
6979
601
1108
4526
6155
9286
8046
9363
744
2922
245
4460
4857
4658
2920
8466
233
7891
7744
5002
1045
9011
2743
6689
7366
39
8583
7061
267
3239
7168
5984
7188
4142
276
6735
3660
1214
3027
4578
372
4288
6511
4444
2056
8185
8267
9305
3425
5128
5397
399
9478
971
5180
2206
6896
8113
2176
5057
4137
5195
6149
7558
2335
5100
1187
7962
5194
4672
1710
2717
6792
7624
6045
9493
2818
4339
1592
5503
6445
4696
4499
9680
1183
95
8961
2025
3115
8256
5607
6249
3931
2164
399
2188
5145
4232
6949
273
5274
9311
4962
410
7687
9095
4642
4956
650
9348
8740
4839
241
6776
7166
8271
7282
9700
522
7000
8572
280
3440
4513
501
6102
3889
4455
8021
7925
1310
7194
6830
1601
9395
2332
1894
3056
6180
6709
4211
800
6690
7557
9315
251
1465
1681
9380
6460
9657
2910
1126
604
4367
8396
1035
1269
6512
9545
3480
7656
1970
9063
6604
2009
2838
5607
9161
9272
1653
4
7059
6171
390
6877
8804
230
5098
3050
9706
7357
6820
7648
8942
6272
2776
703
242
2069
5151
760
1526
4804
5428
8236
1782
939
9791
2656
3316
1074
5147
781
2141
8265
8053
7875
6859
9261
6803
1326
4231
7097
3199
5057
3704
4473
5455
6990
2861
5066
227
8871
4290
6430
4122
287
4178
3099
8944
5946
5386
8995
6664
5859
3942
4670
3650
6556
8698
3123
6506
3776
2479
7846
8237
7125
9976
203
3368
7373
8127
8632
8847
9067
6801
3705
9558
3154
2947
4269
8799
9433
3776
9678
9185
59
912
8462
5042
3643
3254
3709
6017
4533
5846
1062
4402
0
7121
9305
5735
4543
5566
3940
4247
5287
3127
4826
7869
666
7549
9333
9808
2850
6153
3096
6234
3145
3665
3181
5784
4101
5155
9310
8477
7473
1664
831
6691
5655
8440
2488
9311
6858
4750
9120
2656
7551
1479
8948
9476
235
1141
696
3926
8903
7579
9636
24
9233
4396
5280
4328
5837
5636
6586
115
5256
8482
9300
3027
9260
976
9179
790
7632
7073
1121
8461
3975
3622
9884
2925
7625
3261
2680
8677
1694
4807
7255
9164
2246
8420
5305
3255
1431
3262
9815
2501
4334
2622
7128
3047
6678
1598
3302
8046
2342
1629
6139
9378
4836
2424
9062
2973
6967
123
1722
514
4267
6836
1205
605
9374
5184
2221
9545
9991
996
1942
6440
8950
6778
6305
9538
4950
230
783
988
959
6740
6931
1812
6857
9248
2837
7304
9482
1618
4306
9984
4672
9860
3825
6670
7867
8545
2689
3120
1089
9307
7390
4335
4757
8121
418
152
2914
6524
7895
8293
8321
5468
5867
8919
6714
2067
829
1137
6630
2278
2580
1604
3059
4828
3391
2547
4305
4780
775
7250
2474
1159
8544
6896
3183
4799
7422
830
2109
7331
1477
347
2334
552
8521
6973
2059
4357
499
1422
207
8827
421
2833
5383
3871
2900
767
4502
8102
8036
8163
5269
6684
7523
7630
3656
7360
1755
5847
4155
8559
9979
7955
8331
1436
4063
2813
1889
3897
8971
7026
8505
8165
7175
7755
9089
5810
8852
8968
8700
2817
7805
7462
5783
6909
5400
2364
1987
4097
6924
1464
7489
1478
4493
2657
3148
8028
2290
2152
2415
6820
5816
9456
2375
4649
7263
7159
819
5945
3618
6272
7289
1379
7012
111
9266
4591
1174
5744
261
372
405
8772
7858
2458
2512
233
8996
9245
3127
1684
5113
5210
9311
1470
8990
3209
6642
2376
7987
6679
4163
7549
1807
6239
6687
9683
6636
6677
4543
2748
6530
3631
7946
2159
6418
6224
2471
5694
1528
1937
864
8533
1220
3598
6483
2430
1042
7307
6882
931
7781
673
7994
3713
2946
7593
6592
2005
8680
3060
311
2598
9662
8869
175
9550
6053
1723
7511
9702
6877
1902
9939
5245
163
4421
8392
5333
7287
3538
2468
9723
3675
9419
6412
4241
7368
5878
5581
6073
4043
6960
7427
6864
9405
6954
6040
9204
4352
560
4484
2820
7348
7031
4627
8499
794
2499
4612
5048
3936
9314
6653
836
3035
5160
8508
3153
9747
5560
5272
4180
2936
652
2471
4431
3490
706
7481
6534
3174
2515
6769
1195
4340
5376
6499
9688
1149
1051
6712
9977
5635
4495
6879
2995
328
8238
9887
8965
3640
2869
6743
1193
7331
2829
2246
7015
4418
5713
5526
2887
5563
3751
4098
8192
3552
7933
6873
4770
65
4978
7179
6957
802
3262
5120
363
7911
4254
5656
3521
6635
8336
5005
8461
7824
2247
8116
716
1521
667
9507
699
2084
225
780
9464
8235
115
6887
453
4617
7563
6511
4855
8577
7361
1426
9569
1482
3839
1788
7624
4320
2461
269
9699
9684
2061
3094
1650
9059
4197
1220
6967
3683
6485
1875
1013
282
6996
7171
9635
361
1612
216
2349
5414
9470
8747
3256
3927
2227
8174
16
4074
1600
5933
1376
6386
3156
4320
4092
9595
402
1389
5918
1023
5206
1290
9884
6641
7126
6080
1443
2678
4006
9531
8050
3267
5224
1902
3621
5714
8734
3443
7739
8494
8733
8880
9671
4350
4640
2757
7168
9759
5478
7426
8933
8697
6585
1606
7969
4387
5772
1986
2262
4819
7536
1083
9402
8509
4547
9582
6123
5565
7941
1598
1615
8640
9176
7450
172
8684
3204
8410
3105
337
4677
1607
7439
2279
2114
8394
8184
9366
1194
9676
9618
2340
1548
9341
5688
8664
579
8753
7774
7566
636
9604
4990
6100
3750
9838
7668
8241
597
866
5106
5237
5075
3376
8465
4716
7396
4635
5781
4428
228
5268
1515
3293
4335
9893
6161
9864
2620
3834
7362
3128
4711
2073
302
5693
6890
7458
5154
8160
7255
8066
5720
8305
9493
5586
2222
2844
6516
1260
7435
1114
670
5357
4148
6819
9884
4566
5114
1313
3843
6524
253
8575
4057
2432
1617
7937
4104
9673
8347
8078
397
7693
3064
3591
7165
7695
3290
4203
7206
6978
7232
2003
1213
4555
8737
7241
3657
6436
997
6694
3018
4061
7008
2872
8231
2142
1340
5794
5316
5255
7521
3229
6524
440
4836
9837
9217
1964
9242
3966
7821
9760
5959
973
9811
9970
5655
8579
839
3972
2615
7308
1959
7040
1057
7446
4709
7206
1139
9301
3778
9808
8635
4867
952
3190
8305
8405
9940
1069
6641
8520
4862
7355
3
3178
2438
9734
9689
7270
7277
6954
2068
2023
3325
9577
4771
6157
7318
1916
3386
8253
9110
8968
2587
867
8228
5836
915
19
170
3431
9763
3630
540
4310
8025
6591
1209
1867
4363
4228
7469
5993
6528
1658
1440
3372
7291
66
7391
8949
1284
6288
3333
5811
6469
7410
4181
1662
1326
9421
9175
8892
4933
322
77
3302
3710
9744
7360
4613
1858
4435
1596
182
2303
4907
1588
5053
1708
1399
7316
2101
9639
9376
9825
1205
2141
978
2367
9598
1078
9765
6879
6706
3114
5226
3506
9327
8996
897
1839
5224
4817
2087
8669
6580
9493
9372
4206
6608
5755
563
3160
911
4182
2194
9184
1202
8552
4009
2149
867
1278
6832
5415
5755
1639
2281
5458
8324
6912
9765
6155
1160
8221
562
7765
6888
8933
8866
1200
3561
2795
2343
4416
9688
4372
2426
581
6430
7738
1803
7660
319
3564
6498
2897
7900
9727
9028
2959
7593
3254
7153
2726
2441
1385
8906
9160
6901
4325
2993
688
3531
4560
9625
5391
9363
167
7531
4612
1229
4566
3210
3800
2982
9603
5663
7475
858
2199
4958
1342
8067
7738
4313
6310
1007
2730
3123
7065
5856
2055
284
7633
1597
4063
5483
6426
6453
4961
5803
2594
5731
2992
8812
9340
9902
2294
3866
6176
6088
8738
9163
883
5542
6703
8449
6814
5694
4675
1151
8621
6668
7153
1865
1959
7920
2139
4548
533
3905
7095
8124
3569
5797
7692
9220
29
6472
6330
9992
2396
9737
6068
2751
9649
1061
2715
7948
6834
2459
1304
3732
7320
9838
5989
3130
9734
3945
2408
8277
4324
9180
237
2131
727
6021
2336
7351
1374
890
6804
5197
4411
4131
962
8671
1677
8500
993
928
7750
4808
9806
709
3502
6361
5112
4195
1955
5452
4331
9380
2474
442
5975
8836
6215
4120
1469
6231
1428
8872
7302
8221
4418
552
7103
893
5946
9417
6516
1871
4318
1114
1032
9446
226
3362
9662
7418
6400
2285
6440
5684
6604
926
697
3666
8196
2978
3385
5242
9731
7413
7685
2332
8596
5966
1968
1008
7853
8741
1482
1454
4991
6037
6538
1644
8920
8733
5899
34
9667
4128
6033
7737
7693
9660
7511
6194
901
6776
7671
2020
4239
9542
7829
8301
2164
5880
4728
521
9722
5039
2613
3520
2620
6814
2041
4842
7702
8621
7091
2110
6991
7417
2573
8440
8194
5769
2325
2392
5835
9372
1036
6311
3723
4334
1050
2661
184
3721
5115
4222
5700
8904
4234
5371
5352
7303
2889
5972
4062
6502
4458
2323
360
8301
9293
7476
9695
9129
503
3000
9771
8531
1339
2329
1676
5218
3495
9288
387
4471
606
1954
8273
6743
3901
9665
9801
3381
1228
7838
3748
9693
8644
805
3474
6862
1351
4945
2039
959
4032
4422
4842
642
3544
7517
3797
2725
386
7082
121
9525
7268
6041
1042
8221
3922
6935
8051
6909
8025
349
2253
4742
2596
2647
529
6321
2191
8035
1520
5359
2918
4661
4330
7627
7656
759
1707
3644
1998
4750
4383
2039
6226
6184
9614
9105
2477
1473
2344
4689
2305
6436
5325
260
8752
8350
9017
794
3607
5951
2539
7134
1547
1914
3409
1524
4798
652
7410
9082
5550
8857
1479
2689
1899
9058
6727
469
3586
7010
9965
9655
5946
968
72
1340
1146
5055
1887
5454
4166
4232
927
2320
8468
2793
2866
5023
5279
5919
9390
3652
4007
8031
3559
3079
1395
3627
7378
2349
7493
5776
5799
4337
5000
6235
7921
7761
8184
2827
3718
4175
9421
5570
8958
5944
8438
8486
2241
626
7630
2244
2290
4382
4558
5156
7474
8748
9327
8455
1026
2014
1657
861
1561
9269
7373
2067
61
2968
5868
1737
8962
3235
2258
5426
9324
4379
451
5268
7843
5503
6800
5840
7282
2507
6709
1948
8620
9830
3650
9195
4604
6667
4052
6558
8935
5429
1520
6291
7312
5764
4395
1276
9607
6268
9753
6843
8927
2092
1824
6473
2874
8876
8856
9782
7780
7823
7233
3274
8761
2120
705
9018
7076
8889
4360
2134
9381
8103
2546
4416
2605
2906
6969
5975
6793
6912
2725
5601
1609
2992
4609
695
5148
6860
2954
4250
8666
1327
2966
2227
2365
2278
3039
168
5869
9340
2891
3451
1623
3838
1097
3996
8713
3469
2922
3503
5500
129
1818
9976
4495
7242
6169
1459
556
2402
7115
8848
5337
5007
9640
5755
2333
612
7376
6570
268
9367
2799
9775
2033
5981
9529
3885
471
2354
8594
3288
357
8389
2748
9893
9492
6063
3038
288
2366
7412
9502
5869
8964
9794
5739
8214
2347
9878
8889
3090
7493
9119
153
3159
7288
6154
2868
6279
4957
4492
4149
5989
999
4766
1600
5275
4749
3074
2579
8660
7094
8085
3383
5764
1696
797
4147
3847
8749
1665
3037
7623
9515
5559
4477
7479
3566
6184
4241
8108
5213
8320
6519
1612
1253
9138
4826
6494
462
7272
1579
4177
792
9720
8667
857
5249
9747
3539
1651
3494
4199
9121
6170
7843
5988
3487
7202
729
3019
6833
9954
3819
4545
6395
1167
2341
1988
3757
4963
986
6069
1708
5628
1912
3795
9694
192
2138
1080
4737
3630
5690
2333
2216
6289
1057
7817
5731
4190
7628
3414
2346
2284
828
404
407
7923
1787
1559
2061
2172
2118
9148
8248
6857
1883
3577
5138
5582
3136
2530
5855
6508
7997
711
598
1647
4776
9258
5405
7741
7803
9711
6672
9342
4372
8397
989
8555
9993
2145
2303
6992
213
7793
1236
5867
372
5774
5117
4070
1831
7458
7955
9409
7828
8297
2368
344
4253
5453
4257
3620
9019
6201
7590
7661
7399
5919
2386
7533
8884
4773
1670
7888
6477
9625
3397
4503
6503
4246
2979
2540
9058
895
2191
528
4353
3256
8506
5424
1411
8211
7554
1735
6014
2248
8880
4796
6136
318
5291
6811
6321
4566
9638
4226
2144
5160
6957
7954
2056
6101
2663
6981
9030
2714
2872
4366
2202
1078
1478
5372
2624
2019
6070
1977
4266
2096
6323
6463
6572
8495
1130
7946
9059
9562
8452
9785
9778
593
1729
6717
1435
6334
7917
2004
3447
9930
9314
3231
1778
9416
7578
9503
2694
7423
6847
9535
3314
741
4706
3899
6310
7334
3236
9390
8654
8900
4
889
872
9833
2069
3679
1860
3783
730
6909
2840
9905
6433
375
4509
2514
6570
1710
1465
1499
2563
9309
2170
955
4017
9491
7963
5030
8605
6331
5094
5176
6472
2038
6854
3571
7932
2011
4920
9395
4321
116
6718
8899
5769
7402
7423
5049
3305
6139
5694
8412
5204
1687
5926
5430
4757
9115
4399
2436
6537
1124
7839
9946
6550
869
7344
6659
3740
8052
2809
4870
887
7438
1884
6133
8078
3179
5356
159
299
2300
9897
4469
5639
6353
5386
5610
8913
6391
1877
9763
5979
7086
5534
6910
4354
2377
873
3599
7816
9615
9581
8085
5663
3310
8744
6827
4
9855
5321
3242
4037
3860
4350
1259
5616
1230
8026
2811
4522
4460
5858
3304
3401
6653
4069
6360
3103
6934
1910
312
9635
208
8967
5362
4797
328
5652
3464
2318
6730
1081
6284
9530
9576
176
3410
6595
5811
5499
5213
7651
4269
7530
2102
2198
1957
490
8380
5137
7697
9531
6869
2115
2202
7083
5938
8726
9985
8548
4272
4002
9343
2719
4315
2255
747
7940
781
3716
5028
576
2548
1745
4030
5712
50
6149
7882
9024
6366
5757
6269
3211
135
9946
4290
2782
8681
3821
5356
5933
8040
7890
6548
9121
6041
1047
6081
5213
7041
9431
9269
7244
4900
2503
6131
8538
6175
8059
9423
7419
9170
3398
1406
1211
1845
1213
5869
6402
1947
7783
4045
4659
7092
8643
9963
850
3900
6614
3214
4001
8209
7552
9658
3637
5426
6473
1441
9561
8466
5277
585
8111
7340
4577
6921
670
6721
336
5836
3469
1228
7767
4840
9994
2007
3098
4121
6071
7350
2769
8583
1601
1105
2498
2998
4591
1904
8828
5787
7428
6830
6621
8524
640
9744
577
8976
8409
3183
9015
1030
3138
8865
5090
2050
2037
981
1049
1826
2146
2877
2331
174
9572
1894
8147
94
7036
3027
7555
8294
7133
6888
1728
8284
7139
5234
8906
7993
9792
468
6614
4478
9828
5324
8074
7070
8297
7156
8549
2905
3113
3588
5880
4170
716
6292
9045
8454
9489
5279
8722
3652
7544
4660
1802
1836
5290
9158
5681
6296
1126
3859
4897
1527
8666
4306
4182
3984
2489
2469
6226
2644
6478
9166
2349
9052
8638
2574
2989
9185
5443
5625
6270
6379
6059
3973
8191
7841
1787
4096
2649
5087
1889
9041
3148
4854
5861
1175
6631
3469
1387
431
9860
1845
7655
7185
1518
778
6269
4489
3392
6389
8837
7363
7467
2526
328
9231
4259
175
425
853
7030
1508
7650
6322
9403
7343
9386
3584
2195
3176
5184
6227
6238
3873
9255
7600
6718
7
606
1432
1120
868
3563
978
1948
1618
3603
3735
5897
4346
7992
7319
8701
9610
1200
9513
1249
7493
9054
9759
9838
3973
383
7640
5734
5083
4243
7663
3777
2279
1829
416
5186
5395
5049
9915
1829
6985
8914
529
4519
4694
5741
4891
1138
7894
5181
2795
2612
3646
531
4522
1339
7944
778
3296
1919
6825
4077
4481
2059
6479
518
5301
3850
2406
3043
1344
7418
7145
4967
2448
1392
7590
1354
9926
8760
634
4686
9531
3878
1548
1471
259
1950
4134
5558
7135
732
7181
8011
2588
929
9074
8308
3225
4571
2432
7550
1047
3744
6518
6422
2121
1623
1647
2853
6522
8035
6716
7846
4605
2476
9924
8053
6576
3036
6050
3622
3866
5619
6988
5359
1987
887
6644
5699
9251
2619
9431
2188
6802
2811
9074
484
1855
7857
6885
2992
3404
5928
3200
8138
343
3147
8442
2569
8419
2856
8672
9599
9812
5174
9242
9183
3786
7552
8649
7897
4549
3805
7789
7059
5895
4909
8499
7733
2663
3491
3484
3841
6593
3866
9096
1038
1610
5957
5441
4256
1122
7574
2757
6901
7330
4746
8314
1870
7253
9248
374
7800
9155
4244
8119
1046
2200
2829
460
4813
9652
4655
2199
1723
7115
7293
3882
6037
9788
5903
8190
4812
2159
411
4051
9899
152
8787
546
4832
936
1211
6110
3380
5570
9654
4600
7017
1723
8764
9506
5007
891
6442
5435
3411
7344
3446
5273
308
6049
6477
69
3395
6992
6426
9808
311
3241
9045
6660
1177
6839
5159
1573
3971
566
5189
6646
6592
4195
8720
4424
7840
9119
3176
5260
6203
8594
3768
3626
9487
6205
4002
1226
5608
808
7336
208
1754
4393
3380
965
5070
2438
5477
3856
8359
5954
2247
4819
8752
6771
2317
1057
1284
2469
221
3966
6553
1943
3736
1007
9289
7442
5940
9809
3599
9754
72
8021
3243
3181
6900
9545
2306
2105
7131
6961
4373
3099
8510
132
587
7313
86
4404
9214
5072
9965
2517
3519
4897
8137
7838
2359
3239
8070
4781
4748
7132
9967
1301
8828
5161
2777
1715
3928
9892
1132
4879
7568
9092
8479
1373
6615
4480
7119
4514
8771
9637
6507
3300
6179
9398
3759
8667
8653
30
3067
3092
643
4609
3088
787
1713
2608
790
5880
4710
2795
8077
7531
4237
2081
78
7442
1047
3636
8668
8161
6614
3431
6285
8064
3160
265
3071
4696
238
171
8649
4647
7224
3805
2383
2916
8176
1463
2849
9596
1967
2547
1953
6027
7039
152
4447
6902
7679
3216
338
6884
9676
9883
8469
4749
722
1325
716
5451
3151
435
1826
3533
2640
2899
2849
6731
539
2785
8124
8499
6408
7886
5660
3618
6844
1114
5462
9838
5571
7034
229
9040
7513
3589
2121
3023
134
1048
3707
7063
6500
7610
5435
7033
6142
7257
9689
7340
3478
9731
2333
8625
739
7249
451
3124
6246
9502
8790
5038
455
5973
5672
2007
9969
8232
7579
601
8182
7741
1727
1712
8624
4227
1593
6302
9286
4130
5500
6795
9383
6208
1222
3001
3830
3696
8025
7365
2001
3653
7029
2314
1936
3861
975
847
9271
8856
6624
7457
6168
4256
4781
5323
376
5042
6606
3089
3708
6914
4909
5293
6352
4701
2796
7984
867
6608
5475
3354
7379
5286
3429
6373
7360
8270
703
2780
8384
5979
2156
3385
8255
1188
7304
9243
4640
7164
1871
3510
7428
7005
7424
8725
7701
9421
915
1162
8128
6563
436
438
4365
5634
8188
1364
3245
4420
1259
8112
15
7010
8531
3462
6542
2543
2324
7476
1211
9301
7168
3409
5970
8039
3146
7623
3292
7685
6815
2651
4688
1582
2481
7614
2022
5024
492
7915
8906
2379
2471
4161
4713
4803
2361
7931
1852
6116
9382
475
5086
7232
3460
6997
3899
1380
6686
3271
6134
2153
7412
4311
1447
2774
9309
9252
9280
8882
3130
9902
5755
3591
5720
2914
2322
4450
7490
8910
2170
7287
9793
3795
3756
290
1873
9911
1985
9272
305
1562
1514
8460
8822
7761
6154
7821
9308
2014
4960
3660
5691
8177
9748
4348
2065
2631
8877
9090
1506
3409
4109
3884
5673
4944
7098
414
2170
9195
4794
7607
790
5907
6106
4658
3017
2206
3163
4824
5139
5455
9274
7315
3841
503
3146
8718
6919
5077
511
8440
2653
6825
954
4455
7123
9686
6140
1273
9986
4869
3081
9061
9073
9654
9483
8880
5104
1058
8944
9260
2869
5708
6321
635
4497
1157
6591
3697
1069
1967
1852
5511
2870
3561
5732
2204
8706
3018
3606
5494
47
5849
3778
5718
1831
8504
8449
4090
3873
9184
5276
5067
8358
152
9834
3127
1662
9439
8873
3001
7304
3529
7912
8628
5827
9191
5342
6799
1387
7582
2395
6426
9075
6378
5738
3134
3115
1484
2815
1187
5534
8142
9955
3451
8507
5975
856
8811
8158
3257
6875
6730
8923
9928
8454
5410
5542
5973
8766
3732
6465
1481
8544
8008
8211
3293
4003
7410
2434
166
4826
7311
861
9326
8713
3790
1384
4445
9616
7516
2484
807
2265
6024
1962
6558
570
1110
1892
856
4568
607
3081
684
1304
4709
4307
6502
6195
1940
2991
2666
2037
739
9040
1333
3826
634
2159
2463
4614
3374
756
2732
5799
9000
3898
3153
1850
676
5762
1428
7886
1924
3254
9085
7577
2276
9783
9353
2829
9881
7190
2493
8182
6387
460
9015
6770
1858
4407
5487
9806
2340
9185
2381
7289
9916
1470
9461
5400
5294
3778
2461
4966
7959
6844
8559
5348
1130
5011
9513
3396
8997
4060
2866
3966
7906
3509
4855
8254
2777
5185
5860
6043
5283
5280
190
5076
8681
2282
5676
8168
1595
1881
8646
8930
3212
6752
6662
5136
7179
8315
2444
1919
1405
2308
3181
452
8629
3823
6635
5129
2501
7507
1551
3442
5374
9590
7923
347
9940
6467
4860
8416
7213
4699
7925
392
6120
1333
7175
431
4202
2147
7268
9071
9219
579
5667
4938
9919
382
2821
1159
7993
113
8550
2598
6586
8869
815
6241
4383
7533
4696
7426
8200
235
8172
5659
8333
8816
4501
4262
4603
9711
9701
3785
6988
5228
9462
1317
7557
9462
6954
1708
9433
8269
3548
6604
3786
7090
2151
3692
5055
5979
3941
2946
2673
367
9199
7071
2560
5412
8212
6648
9027
9394
8325
610
2733
9891
4893
9416
3642
2730
6237
7004
9640
5534
517
152
1107
8817
335
7584
4937
7633
4566
774
6300
5578
7988
8232
9974
5301
6984
8170
6102
9778
1558
7356
9416
8797
5289
3145
4771
9552
8996
2027
4924
7477
7334
4973
280
2182
283
7759
463
163
5887
7808
508
3055
6525
8539
3473
6200
9030
3488
7527
5153
686
4861
1379
2941
7120
5049
3844
9786
5521
5790
2568
9080
5474
9536
1582
7877
8127
1166
3623
9718
4388
8788
3350
1476
175
9082
8630
7744
5441
8269
5867
1620
6286
808
5792
8120
5781
6031
2735
8094
8601
2775
4336
5851
701
7781
281
4098
4830
4514
5395
2222
4586
7336
6733
3867
1358
6907
6026
1682
157
1478
7813
6399
9901
945
5301
7585
6172
1341
9547
5086
6624
1068
5800
4144
5883
9536
8524
2096
4061
6990
9657
1965
179
5949
9958
8921
4702
5105
5727
8657
8255
255
1914
4071
7214
7197
4052
2093
697
104
1178
9983
9065
4400
6964
1566
4801
2548
1659
4981
5200
3493
9243
2154
8950
5034
2324
386
210
5040
8698
7745
9914
9212
8125
5214
1876
3166
3027
9983
2049
995
7776
2821
1722
7239
2488
1974
5378
789
9179
9699
1675
6302
3423
38
644
3457
7580
5851
608
8876
6704
2327
4594
2192
2771
1849
3684
58
4980
187
711
5091
4402
52
2693
1094
9560
1518
5666
2617
2800
3344
3489
9690
9416
4951
4147
6375
8257
774
7642
3290
2660
7206
6299
3167
4383
811
6450
2004
8941
8790
2655
6764
5380
512
5279
2095
6184
5626
7494
9666
5517
8046
5895
7710
6137
8097
1158
6480
4552
6631
2564
2668
6905
7347
2698
6895
2246
3930
1042
8032
5953
5811
6350
3505
4105
3021
3387
6968
9948
669
3808
2900
8742
1954
4145
9519
5640
3479
4689
2383
4164
3236
980
2552
9333
6913
1682
8450
6763
1545
9191
2498
1667
2022
7255
6503
950
2591
5743
3108
2616
3883
2615
6693
6768
688
4387
431
5016
8829
7721
6905
9258
3408
1052
673
2842
4645
2727
9132
643
123
3286
9582
8425
5860
6094
5682
1214
2602
845
7862
6960
5129
6620
3703
7423
3932
7937
6068
8700
8487
7488
609
4381
7358
546
7419
3598
8465
7454
307
8257
4166
5987
9768
534
7665
1912
7253
7526
5841
5194
9221
488
682
293
2254
6534
3450
3454
4929
3002
9930
9117
7948
690
8356
7224
2954
6260
4668
9577
777
2298
1260
7714
389
798
1311
7143
8437
8641
1386
4970
3938
3988
3330
8037
4640
3994
7054
2495
2298
6565
1434
4881
5134
2893
932
5378
114
1423
9031
5007
7634
2130
5890
3014
4632
8485
469
6529
7526
9988
2103
5569
8834
3321
4502
8960
495
798
1420
1208
7988
8465
3258
3634
4139
9793
4964
6662
4904
9925
8056
1201
643
1324
5708
8453
9893
5839
8596
746
4635
7778
5421
9186
474
745
3641
1818
4879
647
4375
9053
817
2242
1854
7747
5718
259
8518
6102
8174
2057
243
6805
5504
5004
895
3969
3776
9551
4386
1172
5097
3232
944
4722
3420
7481
8672
4664
3189
5912
8741
6241
8823
5804
2187
4808
3156
5494
9407
5127
4906
815
5595
5950
4301
968
6925
1983
4973
907
8370
5733
6372
3889
516
2085
1470
2286
1006
2093
1589
4646
3064
6570
3497
7139
8356
357
1384
9566
8211
3421
207
2074
9892
1888
6717
2497
3258
3746
8016
1702
2137
3168
6527
4090
541
8943
163
1258
1640
7070
7235
7493
9190
730
6922
619
8941
3615
2231
8816
6
8732
1025
7728
7059
8127
2901
3885
9900
3440
2910
8020
6010
4730
6367
8078
3103
4451
8624
3538
5440
3053
1058
9976
4145
5829
8481
1688
2283
6137
2341
3296
3916
5511
6341
3044
9947
5120
7097
7776
3526
4795
9705
1545
1226
7014
5832
4978
8526
3671
3623
2955
7341
9072
9527
5763
1438
8225
799
3086
1073
3336
8165
1553
7721
9619
493
762
4752
6342
8460
4269
540
5720
535
6841
2204
6808
1213
9098
2958
9901
269
7319
7793
6730
2614
1659
9505
5264
7977
2289
5124
7166
9037
7448
1232
1044
8511
6454
71
8165
3459
3609
2529
9787
2939
888
6276
1540
419
3049
9282
1354
8439
4492
3648
3808
4386
8036
4158
4936
1300
6709
615
8977
8254
9496
3783
3502
1869
9932
9716
2642
6401
8055
8522
2199
777
7515
7031
8223
1757
5251
4944
5617
5016
8924
3710
869
8864
2881
3465
6059
4386
8350
3999
6228
7663
7526
5072
3940
4493
6848
2873
9616
8843
2620
2476
8034
7254
9620
6872
9755
7937
6605
5674
4936
6468
1325
1728
8797
259
1286
406
5693
4073
3520
495
316
8482
3877
9185
5276
9058
1878
2493
4451
3477
7819
2969
7662
8228
2648
6028
6894
2769
8027
9910
225
6159
561
2985
3116
9552
3016
664
8852
2620
7407
7243
1788
1979
842
5612
1736
4608
3986
6545
5088
9603
345
3542
9984
7769
5851
7126
540
3089
2432
7222
2129
9421
3278
94
5591
8971
1995
4549
8946
2816
8304
3752
7736
864
9129
5206
4733
7996
6664
3867
1065
9432
2106
1719
4603
6567
7505
683
1320
2438
6769
2847
9996
3363
342
5346
6128
8216
4690
3103
3372
759
5749
777
6452
3347
7029
8675
6750
3928
5101
1935
5524
8809
2721
2192
4517
836
1567
1693
3142
9956
3089
7301
1541
3363
7231
3898
334
3306
8658
236
774
2614
1971
4483
6149
7929
1554
4599
1297
9786
9955
7455
6469
7689
6610
7877
2336
2307
2871
7139
3226
4687
6837
7372
2193
5379
1372
9865
3586
1510
6334
3502
4260
9730
3599
9160
942
8021
8517
1622
2632
4453
7119
9713
5470
5165
962
3242
1617
3177
4590
9054
7864
3338
3360
4088
9717
7638
6129
1619
3474
9967
747
3738
3593
4206
7611
1583
1715
2828
3505
7588
1560
2861
9749
9561
9413
3305
869
1858
4300
4040
6121
404
1957
9674
8807
9357
4866
2608
6209
4333
9825
5802
5660
3220
7930
8366
268
8378
2616
8065
3820
5557
997
902
617
2922
9549
8241
1822
6355
6085
294
4170
7465
6036
3842
9373
4990
6383
1189
6194
3610
2963
747
5750
9153
9291
3606
2039
8813
5826
9290
231
3116
2194
6052
5920
6296
3595
72
5729
8815
6159
5301
503
1232
1658
9687
5751
5937
6607
697
8599
5551
8621
8325
9452
1090
4816
7738
2926
3180
1268
7769
8888
3983
6149
8364
2108
5016
2561
4610
8755
7228
7439
3787
6658
6413
6169
3757
5928
5769
1429
1553
5060
1423
2146
6365
9955
8158
7869
895
6375
9420
5410
8962
3987
7488
8368
7168
1474
1613
4965
2997
1864
1564
1289
4699
737
3909
4775
4183
6021
8265
3574
5872
701
2414
998
1127
9807
2216
3461
4391
5460
8049
9473
5435
2219
4949
1656
4502
7111
1532
4139
5859
4947
1316
8161
4297
2918
8987
2104
5722
4737
6790
6566
1113
9862
881
6669
7702
4610
2452
3341
7208
363
1678
5092
486
949
2032
2128
7889
9325
8952
2789
7233
953
8072
7178
3306
3175
4963
126
1146
6945
8692
5672
8466
1234
7083
7596
7567
8451
517
4585
4613
1774
1895
8319
2567
8036
9766
2430
3493
2378
2662
4313
3842
3597
492
6362
4288
294
562
4639
2315
8985
7624
6834
8863
7191
1473
9606
6870
6644
1681
3261
3458
6531
5328
6614
1363
4445
6267
9940
5926
5376
2040
2426
6027
4132
1620
5315
7553
6873
1020
926
4896
5788
1700
3510
5618
8056
1654
2895
6335
6569
6522
652
7731
4589
5310
526
9246
8627
6979
5831
4649
1733
389
9997
7680
881
4948
4906
9168
2786
2051
6911
1949
7983
8765
4089
240
3961
9359
9244
269
1240
1349
91
8205
927
1653
122
8860
4507
8338
8299
2688
1707
8366
9156
3236
5001
2816
4002
1153
5575
4733
9271
1032
5269
9254
7342
8382
15
9390
5759
3412
2834
3623
8110
1266
9743
3448
8942
6080
1240
76
4627
4529
2824
2889
1429
6380
2655
1676
6849
9192
1195
5950
8793
291
2610
2517
3035
8959
9996
5882
623
5130
4381
6226
9849
88
1808
5387
7167
7343
7519
4469
3093
7263
3246
6266
1844
7692
2600
6171
1961
9817
7906
3529
2345
3363
4459
6269
9506
8951
8645
9572
8189
8737
7757
6747
5136
8754
1285
4274
9600
5052
4004
2464
9923
9150
2083
8900
9539
359
8296
5491
4495
4168
9711
3170
3147
1627
4500
2081
2888
4074
8958
9698
7855
749
9013
5478
7062
3876
3956
2019
6517
3709
3946
5811
4338
4962
9130
5755
7640
3890
834
294
5542
410
6584
5598
3188
3376
4368
8727
9649
540
9019
3256
1336
1875
6250
5846
2048
4018
1248
3151
5682
4115
997
9712
2294
6159
8710
3940
9750
4944
9226
7449
7604
4482
6000
3616
2055
4806
7892
2369
9825
6337
7360
2521
9244
3207
351
2497
5234
2832
8381
9772
3580
5605
2506
6076
66
4074
2141
6498
8417
9943
9621
4400
635
9380
5851
8573
7913
8048
4307
7316
875
5486
2450
2649
5135
509
6505
5578
4528
8115
207
3853
2406
5397
3645
5404
7483
8869
5106
7449
6574
1017
1879
8639
1568
6676
8669
2136
2188
2787
2402
1861
2228
2630
9891
5773
6966
184
7515
9972
8221
6589
2922
7783
8036
6920
7025
6562
1941
694
8249
8574
3648
8330
6963
4922
4407
5494
5338
1941
54
322
117
86
3152
1549
7272
5992
9796
6045
5322
5077
8559
9892
2530
5917
3755
4321
1258
8851
4772
8368
9974
4484
8299
3040
9806
6773
5556
1838
8358
9977
4618
403
3998
4300
2259
1303
3078
2750
3070
7632
2426
5183
4280
875
1067
5315
493
3237
1485
5603
9212
6487
4221
5104
1364
2028
8395
7492
6202
2801
6485
2951
2317
5912
4244
603
6688
6296
3375
5108
8198
8516
5165
5815
5469
2054
6873
6542
7296
8696
6958
9126
4496
3023
8689
5493
4350
5173
5758
5451
9807
177
8795
4452
6609
9381
2297
6022
1981
9380
8792
3454
5442
8990
6906
2433
5617
8025
3440
3650
1944
2798
9648
4479
4262
9805
744
6600
9213
5197
2637
7133
7589
7076
6476
1795
4636
9248
5793
7027
3516
2528
2102
2110
3669
4017
6723
7793
8698
8137
548
2465
9096
9658
2744
4596
5535
659
9173
7132
853
6537
2921
7984
1952
4877
8764
5736
2306
6986
7009
3125
6754
6078
7851
330
5764
9219
700
2747
8858
3128
3033
8881
2243
9184
3689
3288
5682
8919
108
821
4539
6669
985
5718
486
1424
9183
4744
8565
346
6893
6559
7282
9076
8957
1478
8802
9541
2378
1923
7014
4860
83
7334
8592
9878
7240
5134
6418
7996
1377
2104
6177
1036
574
9429
3433
6738
9577
246
2699
3810
3416
2375
7778
5477
878
3173
4467
5838
3105
957
5473
8120
7574
5635
1392
8702
2936
4075
9298
9558
7496
840
910
6923
3967
1279
4446
5493
2686
7511
1751
695
2806
1871
9364
5221
5332
4939
7755
7776
9652
2509
6753
8224
934
5404
745
2685
3534
3476
5575
8297
3093
3561
6563
2557
7150
1289
3049
671
1571
5614
9086
5997
3341
7500
1773
8216
897
2093
6863
5600
8216
9926
3128
696
1992
8038
4430
4886
686
8539
4821
3481
493
4832
4486
4343
1615
3639
4846
3842
7578
5743
9554
999
126
6434
3185
5203
4795
2670
9601
8225
6496
1582
8619
8628
1758
7092
6387
7502
7803
9253
4272
1691
2210
3121
7946
6621
5015
1725
2497
4052
8808
4943
9321
2154
3391
9221
6291
8696
1557
595
9112
6537
3921
6631
2526
3881
8141
3499
765
4873
4761
2982
587
1618
313
6911
6963
1315
4649
959
6453
5096
769
3729
5943
5369
468
7241
2152
4461
3938
9999
7045
4777
9262
4023
3637
3258
2297
4493
8895
4442
4381
1234
1387
6529
694
734
4358
4700
5354
321
8095
451
9290
906
8638
1049
9520
2418
4868
8597
600
4966
9694
920
7084
9280
9635
1226
7207
6321
7373
2214
6155
1485
148
686
1373
8738
3766
3116
9278
838
8979
8487
3861
4957
6932
4414
7784
8436
2155
7732
8730
2189
6998
8648
7118
71
3533
7615
1241
1465
6363
2513
1750
474
7226
9645
7731
880
4279
3097
6536
4580
3556
6154
3240
7230
9484
2108
4383
7043
2273
2254
8972
3639
5441
4670
7065
1440
4359
92
7605
6953
5358
478
4114
8095
5185
2752
4346
300
1517
4085
4797
5981
7880
9422
4181
8050
6826
4902
4826
322
4969
7112
1650
6617
1124
3181
1840
4159
8517
2438
4173
7317
2809
8738
3892
8031
4716
5884
119
617
7213
3685
5408
2871
5425
6665
8785
5565
4163
9521
1021
5351
9721
9300
7055
6646
7538
9306
968
1928
7291
431
7447
9314
7681
3296
6608
2765
2160
4614
8367
8875
4410
4684
9269
2532
3492
4206
4977
7393
3610
9264
3099
1172
8931
2920
2569
4914
7295
3209
6756
9118
9484
701
5957
9668
6760
3598
1753
1694
7745
8433
3588
4886
6456
3663
193
1929
5780
3169
1128
5140
6499
4568
3800
2750
8300
8215
4659
3154
2079
1421
4393
1703
3853
1779
8733
2686
4836
4382
3588
1719
9763
3649
6043
3391
3500
9490
1656
2154
2839
6487
4633
9002
5123
8845
2089
9002
6871
9941
9601
5897
199
7083
3771
3318
7618
9060
5921
6308
6040
1972
4660
9178
3241
4634
5833
8154
4665
7176
9965
6091
447
5442
986
7814
6301
9666
274
7802
7769
2550
2727
8156
5194
9159
5805
6398
3823
4678
6231
858
3465
2101
6574
3324
8200
912
4656
7930
5843
5142
2965
3952
8705
2856
2333
9324
8981
8876
2934
4259
5911
5518
7209
6014
7324
4212
2371
8453
5719
9389
3009
7989
1833
8645
3477
321
9572
6375
2486
9779
4926
5136
6660
2029
6225
3788
1944
2257
5551
3455
2185
2185
6403
8194
7851
9123
8130
6215
7218
4221
1760
9499
6197
7737
8446
3080
5502
6765
4945
564
9341
6138
6431
3801
3852
4726
9619
6658
5454
5768
2464
9902
5696
4368
3569
4916
8881
448
6798
7156
8478
7563
6796
2982
6438
4009
2588
6481
6684
2100
4915
5849
7387
9234
5321
7718
3540
5343
6330
8238
9778
8117
1995
6670
8207
6987
4311
6826
6751
9928
4199
2030
4986
1123
1999
1568
9784
2777
4149
7781
8372
3257
3965
1148
5299
4671
4688
9275
3950
4603
5339
820
7050
9901
8724
8227
393
0
4791
7591
6121
2560
5198
2746
6091
2889
47
6623
8078
2222
719
6455
762
1714
2068
6000
9432
3302
5465
7771
2814
9824
4986
552
6217
7444
9855
5408
8531
4497
4166
415
8020
8507
2985
6540
3252
5121
1854
870
878
4763
3885
1341
5329
193
9644
4138
6320
4026
9990
8651
345
3584
4075
5247
1427
4396
8497
9162
1504
1444
824
4374
7538
5998
5451
1415
7146
175
6689
1321
7643
6452
4819
4008
797
4364
5001
812
1966
4064
1134
671
6739
7632
98
652
7260
8908
7949
8821
1317
5499
1888
5681
1128
3420
3576
6912
3728
9638
7484
3469
1337
8254
4742
2735
2835
3365
5135
7035
9765
2859
6338
1194
2383
2644
6146
3363
8855
9941
5431
1060
5413
3996
1716
1922
8714
2313
932
9323
6747
7532
3171
7492
8780
9276
2649
9140
9991
6273
3601
9340
5099
3327
744
4961
7057
8624
1424
1384
1594
2813
9524
3260
869
6409
6
4879
4589
6042
5188
1291
5566
2356
2570
4916
2408
6355
2512
8380
4172
5508
7156
2802
4211
6049
7939
7208
8318
9400
3968
4031
4856
7528
3271
1329
8504
2503
2427
5371
9475
9362
9787
1269
2142
5089
4356
8223
4193
8422
576
9994
7494
8882
8524
2417
9633
6085
8151
6738
7930
4112
614
9484
9797
7144
1252
6390
499
5690
2871
3034
3137
4485
9518
61
4254
7672
1414
795
2731
8985
1996
7715
8138
9535
7116
5725
5305
29
7464
5108
9240
6444
5653
1684
2149
1780
2063
9584
9129
2230
7149
16
5580
2632
9903
54
5187
7566
9380
2636
3562
7857
4872
2891
5276
47
8586
2154
5663
5824
1899
9409
845
1664
2962
1225
6332
8045
5837
7619
7935
4703
4674
2305
3126
9374
1300
6949
7777
2789
4033
2772
8882
8418
5512
9446
3135
1606
